function fs = RX8B_Fs100

fs = 97656.25;