function fs = RX8B_Fs50

fs = 48828.125;